25 24 24 25 24 26 24 24 24 24 26 25 (Fri 13 Mar 2020 04:00:01 PM CET)
24 23 24 24 23 26 24 24 23 23 25 24 (Sat 14 Mar 2020 11:00:01 AM CET)
24 24 23 24 23 26 23 24 23 23 25 25 (Sat 14 Mar 2020 04:00:01 PM CET)
24 23 23 24 23 26 23 25 24 23 26 24 (Sun 15 Mar 2020 11:00:01 AM CET)
24 24 23 24 23 26 23 25 23 23 25 24 (Sun 15 Mar 2020 04:00:01 PM CET)
24 24 24 25 24 26 24 25 25 24 26 25 (Mon 16 Mar 2020 11:00:01 AM CET)
25 24 24 25 24 27 24 25 24 24 26 26 (Mon 16 Mar 2020 04:00:01 PM CET)
25 24 24 25 24 26 24 25 25 24 26 25 (Tue 17 Mar 2020 11:00:01 AM CET)
27 26 26 27 26 28 26 27 26 25 28 27 (Tue 17 Mar 2020 04:00:01 PM CET)
26 25 25 25 24 27 25 25 25 24 27 25 (Wed 18 Mar 2020 11:00:01 AM CET)
24 24 24 25 24 26 24 25 24 24 26 25 (Wed 18 Mar 2020 04:00:01 PM CET)
24 24 24 24 23 26 24 24 24 24 25 24 (Thu 19 Mar 2020 11:00:01 AM CET)
24 24 24 25 23 26 24 25 23 24 26 24 (Thu 19 Mar 2020 04:00:01 PM CET)
23 23 23 24 23 25 24 24 24 23 25 24 (Fri 20 Mar 2020 11:00:01 AM CET)
24 23 23 25 23 25 24 24 23 23 25 24 (Fri 20 Mar 2020 04:00:01 PM CET)
23 23 22 23 23 25 23 23 23 22 24 23 (Sat 21 Mar 2020 11:00:01 AM CET)
23 23 23 24 22 25 23 24 23 22 24 24 (Sat 21 Mar 2020 04:00:01 PM CET)
23 22 22 23 21 24 22 22 22 22 24 23 (Sun 22 Mar 2020 11:00:01 AM CET)
23 22 22 23 22 24 22 23 22 21 24 23 (Sun 22 Mar 2020 04:00:01 PM CET)
22 21 21 22 21 23 22 22 22 21 24 22 (Mon 23 Mar 2020 11:00:01 AM CET)
22 22 22 22 22 24 22 22 23 21 24 22 (Mon 23 Mar 2020 04:00:01 PM CET)
21 21 21 22 20 23 21 22 21 20 23 22 (Tue 24 Mar 2020 11:00:01 AM CET)
22 22 21 22 21 24 22 22 22 21 23 22 (Tue 24 Mar 2020 04:00:02 PM CET)
21 20 20 21 20 23 21 21 21 20 22 21 (Wed 25 Mar 2020 11:00:01 AM CET)
22 21 21 21 21 23 21 22 21 21 23 22 (Wed 25 Mar 2020 04:00:01 PM CET)
21 21 21 21 21 23 21 21 20 20 22 21 (Thu 26 Mar 2020 11:00:01 AM CET)
21 21 21 22 20 23 21 21 21 20 22 21 (Thu 26 Mar 2020 04:00:01 PM CET)
21 20 20 21 20 22 20 21 20 20 22 21 (Fri 27 Mar 2020 11:00:01 AM CET)
21 21 20 22 20 23 21 21 21 21 23 21 (Fri 27 Mar 2020 04:00:01 PM CET)
21 21 20 21 20 23 21 21 20 20 22 21 (Sat 28 Mar 2020 11:00:01 AM CET)
21 21 21 21 20 23 21 21 21 20 23 21 (Sat 28 Mar 2020 04:00:01 PM CET)
21 20 21 21 20 22 20 21 21 20 23 21 (Sun 29 Mar 2020 11:00:01 AM CEST)
21 21 21 21 20 23 21 21 22 20 22 21 (Sun 29 Mar 2020 04:00:02 PM CEST)
20 20 20 21 19 22 20 20 20 20 22 20 (Mon 30 Mar 2020 11:00:01 AM CEST)
26 24 26 26 25 26 25 27 27 26 27 26 (Mon 30 Mar 2020 04:00:01 PM CEST)
20 20 20 21 19 22 20 20 20 19 22 20 (Tue 31 Mar 2020 11:00:01 AM CEST)
21 20 20 21 20 22 20 21 21 19 22 21 (Tue 31 Mar 2020 04:00:01 PM CEST)
20 19 20 20 19 22 20 20 19 19 21 20 (Wed 01 Apr 2020 11:00:01 AM CEST)
20 20 20 20 20 22 20 21 20 20 22 21 (Wed 01 Apr 2020 04:00:01 PM CEST)
20 20 20 20 19 22 20 20 20 19 21 20 (Thu 02 Apr 2020 11:00:01 AM CEST)
21 20 20 21 20 22 20 21 20 19 22 20 (Thu 02 Apr 2020 04:00:01 PM CEST)
20 19 19 20 19 21 20 20 20 19 21 20 (Fri 03 Apr 2020 11:00:01 AM CEST)
20 19 19 20 19 22 20 21 20 19 21 21 (Fri 03 Apr 2020 04:00:01 PM CEST)
23 22 22 23 22 24 23 23 23 22 24 23 (Sat 04 Apr 2020 11:00:01 AM CEST)
20 20 20 21 20 22 20 20 20 19 22 21 (Sat 04 Apr 2020 04:00:01 PM CEST)
21 20 20 20 20 22 20 21 20 19 22 21 (Sun 05 Apr 2020 11:00:01 AM CEST)
21 21 20 21 20 22 20 21 20 20 22 21 (Sun 05 Apr 2020 04:00:01 PM CEST)
21 20 20 21 21 23 21 22 20 20 22 21 (Mon 06 Apr 2020 11:00:01 AM CEST)
22 22 22 23 21 24 22 22 22 21 24 23 (Mon 06 Apr 2020 04:00:01 PM CEST)
21 21 20 21 21 23 21 22 21 20 23 22 (Tue 07 Apr 2020 11:00:01 AM CEST)
31 30 30 31 30 32 30 32 30 30 35 30 (Tue 07 Apr 2020 04:00:01 PM CEST)
22 22 22 22 22 24 22 22 21 21 24 22 (Wed 08 Apr 2020 11:00:01 AM CEST)
22 22 22 23 21 25 22 23 22 21 24 23 (Wed 08 Apr 2020 04:00:01 PM CEST)
22 22 22 23 22 25 22 23 23 22 24 23 (Thu 09 Apr 2020 11:00:01 AM CEST)
23 23 22 24 22 24 23 23 22 22 24 24 (Thu 09 Apr 2020 04:00:01 PM CEST)
23 23 22 23 22 25 22 23 23 22 24 24 (Fri 10 Apr 2020 11:00:01 AM CEST)
30 29 33 30 30 31 30 31 29 29 31 29 (Fri 10 Apr 2020 04:00:01 PM CEST)
35 35 31 34 31 34 35 32 33 33 35 32 (Sat 11 Apr 2020 11:00:01 AM CEST)
24 23 23 25 23 26 23 24 23 23 25 24 (Sat 11 Apr 2020 04:00:01 PM CEST)
24 24 23 24 23 25 23 24 24 23 25 24 (Sun 12 Apr 2020 11:00:01 AM CEST)
24 24 24 24 23 26 24 24 24 23 26 25 (Sun 12 Apr 2020 04:00:01 PM CEST)
24 23 24 25 23 26 24 24 24 23 25 25 (Mon 13 Apr 2020 11:00:01 AM CEST)
26 25 25 26 25 27 25 26 25 25 27 26 (Mon 13 Apr 2020 04:00:01 PM CEST)
24 23 24 24 23 25 23 24 23 23 25 24 (Tue 14 Apr 2020 11:00:01 AM CEST)
24 23 23 24 23 25 24 24 23 23 25 24 (Tue 14 Apr 2020 04:00:02 PM CEST)
24 23 23 24 22 24 23 23 23 22 24 24 (Wed 15 Apr 2020 11:00:01 AM CEST)
24 23 23 23 22 25 23 24 23 24 25 24 (Wed 15 Apr 2020 04:00:01 PM CEST)
24 23 23 24 23 25 23 23 23 22 25 24 (Thu 16 Apr 2020 11:00:01 AM CEST)
24 24 23 24 23 26 24 24 23 23 25 25 (Thu 16 Apr 2020 04:00:01 PM CEST)
24 23 23 24 23 26 24 24 24 23 26 24 (Fri 17 Apr 2020 11:00:01 AM CEST)
24 24 24 25 23 26 24 24 24 23 26 25 (Fri 17 Apr 2020 04:00:01 PM CEST)
24 24 24 24 23 26 23 24 24 23 26 24 (Sat 18 Apr 2020 11:00:01 AM CEST)
25 24 24 25 23 26 24 25 25 24 26 25 (Sat 18 Apr 2020 04:00:01 PM CEST)
24 24 24 24 23 26 24 24 24 23 25 25 (Sun 19 Apr 2020 11:00:01 AM CEST)
24 24 24 25 23 26 24 24 24 23 26 24 (Sun 19 Apr 2020 04:00:01 PM CEST)
24 23 24 24 23 26 24 24 24 23 26 24 (Mon 20 Apr 2020 11:00:01 AM CEST)
24 23 23 24 23 26 23 25 24 24 25 24 (Mon 20 Apr 2020 04:00:01 PM CEST)
24 24 24 25 23 26 24 24 24 24 26 25 (Tue 21 Apr 2020 11:00:01 AM CEST)
24 24 24 25 24 26 24 24 24 24 26 25 (Tue 21 Apr 2020 04:00:01 PM CEST)
24 24 24 25 23 26 24 25 24 24 26 25 (Wed 22 Apr 2020 11:00:01 AM CEST)
25 24 24 25 23 27 24 24 24 24 26 25 (Wed 22 Apr 2020 04:00:01 PM CEST)
24 24 24 25 24 26 24 25 24 24 27 25 (Thu 23 Apr 2020 11:00:01 AM CEST)
25 24 25 25 24 27 25 25 24 24 26 26 (Thu 23 Apr 2020 04:00:01 PM CEST)
25 25 24 25 24 27 24 25 25 24 27 26 (Fri 24 Apr 2020 11:00:01 AM CEST)
25 25 25 25 24 27 25 25 25 25 27 26 (Fri 24 Apr 2020 04:00:01 PM CEST)
25 25 25 25 24 27 25 25 25 24 26 25 (Sat 25 Apr 2020 11:00:01 AM CEST)
25 25 25 26 25 27 25 25 25 24 26 26 (Sat 25 Apr 2020 04:00:01 PM CEST)
25 25 25 25 24 27 25 25 25 24 27 26 (Sun 26 Apr 2020 11:00:01 AM CEST)
25 25 25 26 25 27 25 26 24 24 27 26 (Sun 26 Apr 2020 04:00:01 PM CEST)
